%====================================================================================================================================
% PROJECT SETTINGS: 

use_same_montage=1;
default_anatomy='MNI_Colin27';

start_experiment_trigger_value = 0;
% pause_trigger_value = 2;                    % start: pause, feedback and rest period
% resume_trigger_value = 3;                   % end: pause, feedback and rest period


valid_marker={'65280','65290','65291','65300','65301','65302','65320','65322','65381','65382','65383','65384','65385','65386','65387','65388','65389','65390','65391','65392','65393','65394','65395','65396','65397','65398','65399','65400','65401','65402','65403','65404','65405','65406','65407','65408','65409','65410','65411','65412','65413','65414','65415','65416','65417','65418','65419','65420','65421','65422','65423','65424','65425','65426','65427','65428','65429','65430','65431','65432','65433','65434','65435','65436','65437','65438','65439','65440','65481','65482','65483','65484','65487','65488','65489','65490','65499','65500','65501','65502'};
import_marker={'65280','65290','65291','65300','65301','65302','65320','65322','65381','65382','65383','65384','65385','65386','65387','65388','65389','65390','65391','65392','65393','65394','65395','65396','65397','65398','65399','65400','65401','65402','65403','65404','65405','65406','65407','65408','65409','65410','65411','65412','65413','65414','65415','65416','65417','65418','65419','65420','65421','65422','65423','65424','65425','65426','65427','65428','65429','65430','65431','65432','65433','65434','65435','65436','65437','65438','65439','65440','65481','65482','65483','65484','65487','65488','65489','65490','65499','65500','65501','65502'};

polygraphic_channels={{65,66,'DVEOG'};{67,68,'DFDR'};{69,70,'NDFDR'};{71,72,'DTA'}};


% conditions: marker codes & name
mrkcode_cond={{'22_203_42' '22_204_42' '22_207_42' '22_208_42'... 
               '22_203_41' '22_204_41' '22_207_41' '22_208_41'...   
              };... M		      
              {'22_201_42' '22_202''22_209_42' '22_210_42' '22_219_42' '22_220_42' '22_221_42' '22_222_42'...
              '22_201_41' '22_202''22_209_41' '22_210_41' '22_219_41' '22_220_41' '22_221_41' '22_222_41'...              
              };...MM              
              {'22_201_42' '22_203_42' '22_207_42' '22_209_42' '22_219_42' '22_221_42'...
              '22_201_41' '22_203_41' '22_207_41' '22_209_41' '22_219_41' '22_221_41'...              
              };... 100              
              {'22_202_42' '22_204_42' '22_208_42' '22_210_42' '22_220_42' '22_222_42'...
              '22_202_41' '22_204_41' '22_208_41' '22_210_41' '22_220_41' '22_222_41'...
              };... 300
              {'22_203_42' '22_207_42'...
              '22_203_41' '22_207_41'...
              };... M-100
              {'22_201_42' '22_209''22_219_42' '22_221_42'...
              '22_201_41' '22_209''22_219_41' '22_221_41'...
              };... MM-100
              {'22_204_42' '22_208'...
              '22_204_41' '22_208'...
              };... M-300
              {'22_202_42' '22_210_42' '22_220_42' '22_222_42'...              
              '22_202_41' '22_210_41' '22_220_41' '22_222_41'
              };... MM-300
              {'22_203_42' '22_204_42' '22_207_42' '22_208_42' };... M-R
		      {'22_201_42' '22_202''22_209_42' '22_210_42' '22_219_42' '22_220_42' '22_221_42' '22_222_42'};...MM-R 
              {'22_201_42' '22_203_42' '22_207_42' '22_209_42' '22_219_42' '22_221_42'};... 100-R
              {'22_202_42' '22_204_42' '22_208_42' '22_210_42' '22_220_42' '22_222_42'};... 300-R              
              
              {'22_203_42' '22_207_42'};... M-100-R
              {'22_201_42' '22_209''22_219_42' '22_221_42'};... MM-100-R
              
              {'22_204_42' '22_208_42'};... M-300-R
              {'22_202_42' '22_210_42' '22_220_42' '22_222_42'};... MM-300-R   
              
              {'22_203_41' '22_204_41' '22_207_41' '22_208_41' };... M-W
		      {'22_201_41' '22_202''22_209_41' '22_210_41' '22_219_41' '22_220_41' '22_221_41' '22_222_41'};...MM-W 
              {'22_201_41' '22_203_41' '22_207_41' '22_209_41' '22_219_41' '22_221_41'};... 100-W
              {'22_202_41' '22_204_41' '22_208_41' '22_210_41' '22_220_41' '22_222_41'};... 300-W              
              
              {'22_203_41' '22_207_41'};... M-100-W
              {'22_201_41' '22_209''22_219_41' '22_221_41'};... MM-100-W
              
              {'22_204_41' '22_208_41'};... M-300-W
              {'22_202_41' '22_210_41' '22_220_41' '22_222_41'}... MM-300-W   
               
              
              {'22_201_42' '22_209_42'...
              '22_201_41' '22_209_41'...
              };... MM-note-100

              {'22_202_42' '22_210_42' ...              
              '22_202_41' '22_210_41'...
              };... MM-note-300
              
              
              {'22_219_42' '22_221_42'...
               '22_219_41' '22_221_41'...
              };... MM-wn-100

              {'22_220_42' '22_222_42'...              
               '22_220_41' '22_222_41'
              };... MM-wn-300
              
              {'22_201_42' '22_209_42'...
              };... MM-note-100-R

              {'22_202_42' '22_210_42' ...
              };... MM-note-300-R
              
              
              {'22_219_42' '22_221_42'...
              };... MM-wn-100-R

              {'22_220_42' '22_222_42'...
              };... MM-wn-300-R
              
              
              {'22_201_41' '22_209_41'...
              };... MM-note-100-W

              {'22_202_41' '22_210_41'...
              };... MM-note-300-W
              
              
              {'22_219_41' '22_221_41'...
              };... MM-wn-100-W

              {'22_220_41' '22_222_41'
              };... MM-wn-300-W
              
              };


condition_names={'M' 'MM'... 
                '100' '300'... 
                'M-100' 'MM-100' 'M-300'        'MM-300'...
                'M-R' 'MM-R'    '100-R'         '300-R' 'M-100-R' 'MM-100-R' 'M-300-R' 'MM-300-R'... 
                'M-W' 'MM-R'    '100-W'         '300-W' 'M-100-W' 'MM-100-W' 'M-300-W' 'MM-300-W'...                
                'MM-note-100'   'MM-note-300'   'MM-wn-100' 'MM-wn-300'...
                'MM-note-100-R' 'MM-note-300-R' 'MM-wn-100-R' 'MM-wn-300-R'...
                'MM-note-100-W' 'MM-note-300-W' 'MM-wn-100-W' 'MM-wn-300-W'                
                };
name_cond=condition_names;  ... backcompatibility

% if do_factors
%     for subj=1:length(subjects_list)
%         for cond=1:length(condition_names)
%             setname=[subjects_list{subj} , pre_epoching_input_file_name,'_' , condition_names{cond} '.set'];
